        1036           1
        1036           1
           1           4          40          11       16078
           2         105          11          40       16078
           3          11         105          10       16078
           4          16          19           1       16078
           5           3          32          35       16078
           6           2         110          27       16078
           7          24         110           2       16078
           8         111          10         105       16078
           9         111         105         106       16078
          10          38         112          37       16078
          11          37         113          39       16078
          12         105         113         106       16078
          13         107         117         115       16078
          14         117          13         115       16078
          15          13         117          15       16078
          16          30         118          29       16078
          17         108          31         118       16078
          18          31          29         118       16078
          19         109         137         120       16078
          20         108         121          31       16078
          21          38         122         112       16078
          22          33         122          38       16078
          23         123         106         113       16078
          24         125         107         115       16078
          25         115         126         125       16078
          26         126         116         125       16078
          27         127         116         126       16078
          28         128          28          26       16078
          29          28         128          25       16078
          30          21         129         120       16078
          31          22         129          21       16078
          32         132         108         118       16078
          33          25         133          30       16078
          34         133          25         128       16078
          35         146         133         130       16078
          36         133         128         130       16078
          37          35         134          34       16078
          38         108         134         121       16078
          39         134         108         119       16078
          40         134          35          32       16078
          41         134          32         121       16078
          42          16         135          19       16078
          43         135         114          19       16078
          44         149         106         123       16078
          45         115          14         126       16078
          46         126          14         127       16078
          47          13          14         115       16078
          48          14           9         127       16078
          49         136         116         127       16078
          50         136         111         124       16078
          51          22          17         129       16078
          52         116         140         125       16078
          53         146         143         133       16078
          54         118         143         132       16078
          55         143          30         133       16078
          56          30         143         118       16078
          57           9          12         127       16078
          58          20         144          17       16078
          59         114         144          20       16078
          60         145         116         136       16078
          61         124         145         136       16078
          62         146         147         143       16078
          63         147         132         143       16078
          64         148         107         125       16078
          65         148         125         140       16078
          66         112         149         123       16078
          67         150         131         138       16078
          68         149         112         122       16078
          69         161         131         139       16078
          70         156         109         120       16078
          71         152          17         144       16078
          72         152         129          17       16078
          73         153         141         150       16078
          74         138         153         150       16078
          75         153         138         145       16078
          76         124         153         145       16078
          77         153         124         149       16078
          78         154         132         147       16078
          79         159         107         148       16078
          80         165         131         150       16078
          81         131         165         139       16078
          82         155         131         161       16078
          83         131         155         138       16078
          84         156         120         129       16078
          85         156         129         152       16078
          86         119         157          36       16078
          87         160         139         165       16078
          88         147         160         154       16078
          89         162         154         160       16078
          90         157         162         158       16078
          91         141         163         150       16078
          92         163         158         162       16078
          93         144         159         152       16078
          94         148         155         159       16078
          95         140         155         148       16078
          96         164         159         155       16078
          97         142         164         161       16078
          98         164         155         161       16078
          99         162         165         163       16078
         100         160         165         162       16078
         101         165         150         163       16078
         102          12          10         111       16078
         103          31         121          32       16078
         104         128         151         130       16078
         105         117         114         135       16078
         106         124         106         149       16078
         107         106         124         111       16078
         108         110          26          27       16078
         109         140         145         138       16078
         110         145         140         116       16078
         111         146         160         147       16078
         112         160         146         139       16078
         113         158         122         157       16078
         114         156         164         142       16078
         115         149         141         153       16078
         116         142         130         151       16078
         117         138         155         140       16078
         118          40         113         105       16078
         119         113          40          39       16078
         120          37         123         113       16078
         121         123          37         112       16078
         122         135          15         117       16078
         123          15         135          16       16078
         124          23         120         137       16078
         125         120          23          21       16078
         126         114          18          19       16078
         127         119          34         134       16078
         128          34         119          36       16078
         129         164         152         159       16078
         130         152         164         156       16078
         131         114          20          18       16078
         132         166         137         109       16078
         133         167         108         132       16078
         134         167         119         108       16078
         135         119         167         157       16078
         136         168         142         151       16078
         137         142         168         156       16078
         138         168         109         156       16078
         139         109         168         151       16078
         140         154         167         132       16078
         141         172         107         159       16078
         142         163         169         158       16078
         143         172         144         114       16078
         144         144         172         159       16078
         145         166         109         151       16078
         146         166         128          26       16078
         147         128         166         151       16078
         148         169         122         158       16078
         149         122         169         149       16078
         150         170         122          33       16078
         151         122         170         157       16078
         152         170          36         157       16078
         153          36         170          33       16078
         154         171         127          12       16078
         155         127         171         136       16078
         156         171         111         136       16078
         157         111         171          12       16078
         158         173         139         146       16078
         159         139         173         161       16078
         160         167         162         157       16078
         161         162         167         154       16078
         162         172         117         107       16078
         163         117         172         114       16078
         164         173         130         142       16078
         165         130         173         146       16078
         166         173         142         161       16078
         167         141         169         163       16078
         168         169         141         149       16078
         169         110          23         137       16078
         170          23         110          24       16078
         171         166         110         137       16078
         172         110         166          26       16078
         173           8         104          75       16154
         174         386          75         104       16154
         175          75         386          74       16154
         176          80          83           5       16154
         177           7          96          99       16154
         178           6         390          91       16154
         179          88         390           6       16154
         180         391          74         386       16154
         181         391         386         387       16154
         182         102         392         101       16154
         183         101         393         103       16154
         184         386         393         387       16154
         185          94         396          93       16154
         186         388          95         396       16154
         187          95          93         396       16154
         188         389         416         398       16154
         189         388         399          95       16154
         190         102         400         392       16154
         191          97         400         102       16154
         192         401         387         393       16154
         193         403         426         394       16154
         194         394         404         403       16154
         195         404         395         403       16154
         196         405         395         404       16154
         197          92         406          89       16154
         198          85         407         398       16154
         199          86         407          85       16154
         200         410         388         396       16154
         201          89         411          94       16154
         202         411          89         406       16154
         203         424         411         408       16154
         204         411         406         408       16154
         205          99         412          98       16154
         206         388         412         399       16154
         207         412         388         397       16154
         208         412          99          96       16154
         209         412          96         399       16154
         210          80         414          83       16154
         211         427         387         401       16154
         212         394          78         404       16154
         213         404          78         405       16154
         214          77          78         394       16154
         215          78          73         405       16154
         216         415         395         405       16154
         217         415         391         402       16154
         218          97         435         400       16154
         219         100         435          97       16154
         220          86          81         407       16154
         221         395         419         403       16154
         222         432         388         410       16154
         223         424         422         411       16154
         224         396         422         410       16154
         225         422          94         411       16154
         226          94         422         396       16154
         227          73          76         405       16154
         228         423         395         415       16154
         229         402         423         415       16154
         230         424         425         422       16154
         231         425         410         422       16154
         232         426         403         419       16154
         233         392         427         401       16154
         234         428         409         417       16154
         235         427         392         400       16154
         236         439         409         418       16154
         237         429         421         408       16154
         238         429         389         398       16154
         239         430         407          81       16154
         240         431         420         428       16154
         241         417         431         428       16154
         242         431         417         423       16154
         243         402         431         423       16154
         244         431         402         427       16154
         245         439         418         424       16154
         246         432         410         425       16154
         247         443         409         428       16154
         248         409         443         418       16154
         249         433         409         439       16154
         250         409         433         417       16154
         251         398         434         429       16154
         252         434         398         407       16154
         253         434         407         430       16154
         254         397         435         100       16154
         255         438         418         443       16154
         256         425         438         432       16154
         257         440         432         438       16154
         258         435         440         436       16154
         259         420         441         428       16154
         260         441         436         440       16154
         261         426         442         437       16154
         262         419         442         426       16154
         263         440         443         441       16154
         264         438         443         440       16154
         265         443         428         441       16154
         266          76          74         391       16154
         267          95         399          96       16154
         268         402         387         427       16154
         269         387         402         391       16154
         270         419         423         417       16154
         271         423         419         395       16154
         272         424         438         425       16154
         273         438         424         418       16154
         274         436         400         435       16154
         275         427         420         431       16154
         276         442         417         433       16154
         277         417         442         419       16154
         278         437         434         430       16154
         279         104         393         386       16154
         280         393         104         103       16154
         281         101         401         393       16154
         282         401         101         392       16154
         283          79         414          80       16154
         284         398          87          85       16154
         285          82         413          84       16154
         286         397          98         412       16154
         287          98         397         100       16154
         288         444         394         426       16154
         289         394         444         445       16154
         290         445         444         414       16154
         291         394         445          77       16154
         292         445          79          77       16154
         293          79         445         414       16154
         294         446         406          92       16154
         295         406         446         450       16154
         296         450         446         416       16154
         297         447         414         413       16154
         298         414         447          83       16154
         299         448          81          84       16154
         300          81         448         430       16154
         301         421         424         408       16154
         302         424         421         439       16154
         303         437         413         426       16154
         304         413         437         430       16154
         305         441         449         436       16154
         306         446          90         416       16154
         307          90         446          92       16154
         308         389         450         416       16154
         309         406         450         408       16154
         310         449         400         436       16154
         311         400         449         427       16154
         312         451         429         434       16154
         313         437         451         434       16154
         314         444         413         414       16154
         315         413         444         426       16154
         316         448         413         430       16154
         317         413         448          84       16154
         318         447          82          83       16154
         319          82         447         413       16154
         320         452          88          87       16154
         321         454         388         432       16154
         322         388         454         397       16154
         323         453         405          76       16154
         324         405         453         415       16154
         325         453         391         415       16154
         326         391         453          76       16154
         327         450         429         408       16154
         328         429         450         389       16154
         329         454         435         397       16154
         330         442         451         437       16154
         331         454         440         435       16154
         332         440         454         432       16154
         333         452         398         416       16154
         334         398         452          87       16154
         335         420         449         441       16154
         336         449         420         427       16154
         337         451         433         439       16154
         338         433         451         442       16154
         339          90         390         416       16154
         340         390          90          91       16154
         341         390         452         416       16154
         342         452         390          88       16154
         343         451         421         429       16154
         344         421         451         439       16154
         345          51          88           6       16135
         346         315          87          88       16135
         347         315          88          51       16135
         348          27          56           2       16135
         349           5         318          59       16135
         350         318           5          83       16135
         351          64         319           3       16135
         352         319          32           3       16135
         353         320          50          52       16135
         354         321          86          85       16135
         355         322          87         315       16135
         356          85         322         321       16135
         357         322          85          87       16135
         358         326          53          55       16135
         359          62         329          61       16135
         360          63          61         329       16135
         361         331          31          32       16135
         362         331          32         319       16135
         363         332         317         327       16135
         364          52         333         320       16135
         365         333          52          49       16135
         366         316         334         320       16135
         367         334          50         320       16135
         368         334          51          50       16135
         369         343          81          86       16135
         370         343          86         321       16135
         371         316         335         322       16135
         372         335         321         322       16135
         373          49         336         333       16135
         374         336          49          54       16135
         375         337          30          29       16135
         376         337          29         328       16135
         377          62         339         329       16135
         378         329         339         338       16135
         379         317         340         327       16135
         380         350          57          60       16135
         381         350         330         339       16135
         382          83          82         318       16135
         383         327         341         332       16135
         384          59         341          58       16135
         385         341          59         318       16135
         386         341         318         332       16135
         387         344          84          81       16135
         388         344          81         343       16135
         389         346          56          27       16135
         390         323         346          27       16135
         391          54         347         336       16135
         392         347          54          53       16135
         393         316         348         335       16135
         394          25          30         337       16135
         395         349         328         331       16135
         396         350         327         340       16135
         397         327         350          60       16135
         398         330         350         340       16135
         399         362         317         342       16135
         400         317         362         340       16135
         401         353         321         335       16135
         402         323         355         345       16135
         403         366         356         324       16135
         404         330         358         351       16135
         405         358         330         340       16135
         406         358         340         362       16135
         407         359         330         351       16135
         408         330         359         339       16135
         409         359         338         339       16135
         410         335         361         353       16135
         411         352         362         360       16135
         412         362         342         360       16135
         413         363         345         355       16135
         414         364         354         363       16135
         415         355         364         363       16135
         416         365         369         356       16135
         417         354         366         363       16135
         418         357         367         348       16135
         419         368         338         359       16135
         420         338         368         349       16135
         421         370         351         358       16135
         422         370         358         362       16135
         423         352         370         362       16135
         424         370         352         369       16135
         425         357         361         367       16135
         426         352         371         369       16135
         427         371         361         357       16135
         428         369         371         357       16135
         429         343         372         360       16135
         430         372         343         353       16135
         431         372         353         361       16135
         432         372         352         360       16135
         433         352         372         371       16135
         434         372         361         371       16135
         435         328         373         337       16135
         436         374         351         370       16135
         437         375         349         368       16135
         438         328         375         373       16135
         439         375         328         349       16135
         440         354         376         365       16135
         441         376         373         375       16135
         442         376         354         364       16135
         443         376         364         373       16135
         444         365         376         374       16135
         445         377         374         376       16135
         446         375         377         376       16135
         447         368         377         375       16135
         448         359         377         368       16135
         449         377         351         374       16135
         450         351         377         359       16135
         451          51         334         315       16135
         452         345         346         323       16135
         453          60         341         327       16135
         454         341          60          58       16135
         455         328          31         331       16135
         456          31         328          29       16135
         457         316         315         334       16135
         458         315         316         322       16135
         459         320         348         316       16135
         460         333         348         320       16135
         461         353         343         321       16135
         462         345         326         346       16135
         463         326         345         324       16135
         464         335         367         361       16135
         465         367         335         348       16135
         466         354         356         366       16135
         467         356         354         365       16135
         468          64          63         319       16135
         469          55         346         326       16135
         470         346          55          56       16135
         471         326         347          53       16135
         472         347         326         324       16135
         473         323          26          28       16135
         474          26         323          27       16135
         475         355          28          25       16135
         476          28         355         323       16135
         477         329         378          63       16135
         478         378         329         338       16135
         479         378         338         349       16135
         480         380         355          25       16135
         481         355         380         364       16135
         482         380         373         364       16135
         483         380         337         373       16135
         484         337         380          25       16135
         485         378         319          63       16135
         486         319         378         331       16135
         487         331         378         349       16135
         488         379         344         342       16135
         489         336         381         325       16135
         490         336         382         333       16135
         491         383         339          62       16135
         492         339         383         350       16135
         493         383          57         350       16135
         494          57         383          62       16135
         495         384         318          82       16135
         496         318         384         332       16135
         497         360         344         343       16135
         498         344         360         342       16135
         499         381         347         324       16135
         500         347         381         336       16135
         501         357         356         369       16135
         502         356         357         325       16135
         503         381         356         325       16135
         504         356         381         324       16135
         505         366         345         363       16135
         506         345         366         324       16135
         507         385         365         374       16135
         508         365         385         369       16135
         509         385         370         369       16135
         510         370         385         374       16135
         511         382         348         333       16135
         512         348         382         357       16135
         513         384         379         332       16135
         514         379         384          82       16135
         515          84         379          82       16135
         516         379          84         344       16135
         517         379         317         332       16135
         518         317         379         342       16135
         519         325         382         336       16135
         520         382         325         357       16135
         521          43          96           7       16116
         522         244          95          96       16116
         523         244          96          43       16116
         524          19          48           1       16116
         525           6         247          51       16116
         526         247           6          91       16116
         527          56         248           2       16116
         528         248          24           2       16116
         529         249          42          44       16116
         530         250          94          93       16116
         531         251          95         244       16116
         532          93         251         250       16116
         533         251          93          95       16116
         534         255          45          47       16116
         535          54         258          53       16116
         536          55          53         258       16116
         537         260          23          24       16116
         538         260          24         248       16116
         539         261         246         256       16116
         540          44         262         249       16116
         541         262          44          41       16116
         542         245         263         249       16116
         543         263          42         249       16116
         544         263          43          42       16116
         545         272          89          94       16116
         546         272          94         250       16116
         547         245         264         251       16116
         548         264         250         251       16116
         549          41         265         262       16116
         550         265          41          46       16116
         551         266          22          21       16116
         552         266          21         257       16116
         553          54         268         258       16116
         554         258         268         267       16116
         555         246         269         256       16116
         556         279          49          52       16116
         557         279         259         268       16116
         558          91          90         247       16116
         559         256         270         261       16116
         560          51         270          50       16116
         561         270          51         247       16116
         562         270         247         261       16116
         563         273          92          89       16116
         564         273          89         272       16116
         565         275          48          19       16116
         566         252         275          19       16116
         567          46         276         265       16116
         568         276          46          45       16116
         569         245         277         264       16116
         570          17          22         266       16116
         571         278         257         260       16116
         572         279         256         269       16116
         573         256         279          52       16116
         574         259         279         269       16116
         575         291         246         271       16116
         576         246         291         269       16116
         577         282         250         264       16116
         578         252         284         274       16116
         579         295         285         253       16116
         580         259         287         280       16116
         581         287         259         269       16116
         582         287         269         291       16116
         583         288         259         280       16116
         584         259         288         268       16116
         585         288         267         268       16116
         586         264         290         282       16116
         587         281         291         289       16116
         588         291         271         289       16116
         589         292         274         284       16116
         590         293         283         292       16116
         591         284         293         292       16116
         592         294         298         285       16116
         593         283         295         292       16116
         594         286         296         277       16116
         595         297         267         288       16116
         596         267         297         278       16116
         597         299         280         287       16116
         598         299         287         291       16116
         599         281         299         291       16116
         600         299         281         298       16116
         601         286         290         296       16116
         602         281         300         298       16116
         603         300         290         286       16116
         604         298         300         286       16116
         605         272         301         289       16116
         606         301         272         282       16116
         607         301         282         290       16116
         608         301         281         289       16116
         609         281         301         300       16116
         610         301         290         300       16116
         611         257         302         266       16116
         612         303         280         299       16116
         613         304         278         297       16116
         614         257         304         302       16116
         615         304         257         278       16116
         616         283         305         294       16116
         617         305         302         304       16116
         618         305         283         293       16116
         619         305         293         302       16116
         620         294         305         303       16116
         621         306         303         305       16116
         622         304         306         305       16116
         623         297         306         304       16116
         624         288         306         297       16116
         625         306         280         303       16116
         626         280         306         288       16116
         627          43         263         244       16116
         628         274         275         252       16116
         629          52         270         256       16116
         630         270          52          50       16116
         631         257          23         260       16116
         632          23         257          21       16116
         633         245         244         263       16116
         634         244         245         251       16116
         635         249         277         245       16116
         636         262         277         249       16116
         637         282         272         250       16116
         638         274         255         275       16116
         639         255         274         253       16116
         640         264         296         290       16116
         641         296         264         277       16116
         642         283         285         295       16116
         643         285         283         294       16116
         644          56          55         248       16116
         645          47         275         255       16116
         646         275          47          48       16116
         647         273          90          92       16116
         648         255         276          45       16116
         649         276         255         253       16116
         650         252          18          20       16116
         651          18         252          19       16116
         652         284          20          17       16116
         653          20         284         252       16116
         654         258         307          55       16116
         655         307         258         267       16116
         656         307         267         278       16116
         657         309         284          17       16116
         658         284         309         293       16116
         659         309         302         293       16116
         660         309         266         302       16116
         661         266         309          17       16116
         662         307         248          55       16116
         663         248         307         260       16116
         664         260         307         278       16116
         665         308         273         271       16116
         666         273         308          90       16116
         667         265         310         254       16116
         668         265         311         262       16116
         669         312         268          54       16116
         670         268         312         279       16116
         671         312          49         279       16116
         672          49         312          54       16116
         673         313         247          90       16116
         674         247         313         261       16116
         675         289         273         272       16116
         676         273         289         271       16116
         677         310         276         253       16116
         678         276         310         265       16116
         679         286         285         298       16116
         680         285         286         254       16116
         681         310         285         254       16116
         682         285         310         253       16116
         683         295         274         292       16116
         684         274         295         253       16116
         685         314         294         303       16116
         686         294         314         298       16116
         687         314         299         298       16116
         688         299         314         303       16116
         689         311         277         262       16116
         690         277         311         286       16116
         691         313         308         261       16116
         692         308         313          90       16116
         693         308         246         261       16116
         694         246         308         271       16116
         695         254         311         265       16116
         696         311         254         286       16116
         697         174         104           8       16097
         698         174           8          67       16097
         699         174         103         104       16097
         700          11          72           4       16097
         701           7         177          43       16097
         702         177           7          99       16097
         703         178          66          68       16097
         704         179         102         101       16097
         705         180         103         174       16097
         706         101         180         179       16097
         707         180         101         103       16097
         708         184          69          71       16097
         709          47          45         234       16097
         710         189          15          16       16097
         711         189          16         235       16097
         712         176         190         185       16097
         713         190         176         186       16097
         714          68         191         178       16097
         715         191          68          65       16097
         716         175         192         178       16097
         717         192          66         178       16097
         718         192          67          66       16097
         719         175         193         180       16097
         720         193         179         180       16097
         721          65         194         191       16097
         722         194          65          70       16097
         723         195          14          13       16097
         724         195          13         187       16097
         725         234         197         196       16097
         726         176         198         186       16097
         727         206          41          44       16097
         728         206         188         197       16097
         729          46         206         197       16097
         730          41         206          46       16097
         731          99          98         177       16097
         732          42          43         177       16097
         733         199         176         185       16097
         734         199         185         216       16097
         735         201         100          97       16097
         736         216         201         200       16097
         737         185         201         216       16097
         738         201          97         200       16097
         739         203          72          11       16097
         740         181         203          10       16097
         741          70         238         194       16097
         742         238          70          69       16097
         743         175         204         193       16097
         744         229           9          14       16097
         745         229          14         195       16097
         746         205         187         189       16097
         747         206         186         198       16097
         748         186         206          44       16097
         749         188         206         198       16097
         750         218         176         199       16097
         751         176         218         198       16097
         752         209         179         193       16097
         753         181         211         202       16097
         754         212         183         182       16097
         755         222         212         182       16097
         756         188         214         207       16097
         757         214         188         198       16097
         758         214         198         218       16097
         759         215         188         207       16097
         760         188         215         197       16097
         761         215         196         197       16097
         762         193         217         209       16097
         763         208         218         216       16097
         764         218         199         216       16097
         765         219         222         202       16097
         766         219         202         211       16097
         767         220         210         219       16097
         768         211         220         219       16097
         769         221         225         212       16097
         770         210         222         219       16097
         771         213         223         204       16097
         772         224         196         215       16097
         773         196         224         205       16097
         774         226         207         214       16097
         775         226         214         218       16097
         776         208         226         218       16097
         777         213         217         223       16097
         778         208         227         225       16097
         779         227         217         213       16097
         780         225         227         213       16097
         781         200         228         216       16097
         782         228         200         209       16097
         783         228         209         217       16097
         784         228         208         216       16097
         785         208         228         227       16097
         786         228         217         227       16097
         787         211         229         220       16097
         788         230         225         221       16097
         789         230         207         226       16097
         790         231         205         224       16097
         791         231         187         205       16097
         792         210         232         221       16097
         793         232         210         220       16097
         794         232         220         229       16097
         795         221         232         230       16097
         796         233         230         232       16097
         797         231         233         232       16097
         798         224         233         231       16097
         799         215         233         224       16097
         800         233         207         230       16097
         801         207         233         215       16097
         802         192         174          67       16097
         803         202         203         181       16097
         804          44          42         186       16097
         805         187          15         189       16097
         806          15         187          13       16097
         807         175         174         192       16097
         808         174         175         180       16097
         809         178         204         175       16097
         810         191         204         178       16097
         811         209         200         179       16097
         812         202         184         203       16097
         813          11          10         203       16097
         814         193         223         217       16097
         815         223         193         204       16097
         816         210         212         222       16097
         817         212         210         221       16097
         818          48          47         235       16097
         819          71         203         184       16097
         820         203          71          72       16097
         821          98         201         185       16097
         822         201          98         100       16097
         823         184         238          69       16097
         824         238         184         182       16097
         825          12         181          10       16097
         826          12         211         181       16097
         827         234         196         205       16097
         828         189         234         205       16097
         829         234         189         235       16097
         830         234         235          47       16097
         831           9         211          12       16097
         832         211           9         229       16097
         833          48          16           1       16097
         834          16          48         235       16097
         835         236          45          46       16097
         836          45         236         234       16097
         837         237          97         102       16097
         838          97         237         200       16097
         839         237         179         200       16097
         840         179         237         102       16097
         841         238         183         194       16097
         842         183         238         182       16097
         843         194         239         191       16097
         844         239         194         183       16097
         845         239         183         213       16097
         846         236         197         234       16097
         847         197         236          46       16097
         848         240         185         190       16097
         849         185         240          98       16097
         850         240         177          98       16097
         851         177         240         190       16097
         852         241         186          42       16097
         853         186         241         190       16097
         854         241         177         190       16097
         855         177         241          42       16097
         856         213         212         225       16097
         857         212         213         183       16097
         858         242         208         225       16097
         859         208         242         226       16097
         860         242         230         226       16097
         861         230         242         225       16097
         862         231         195         187       16097
         863         195         231         243       16097
         864         195         243         229       16097
         865         243         232         229       16097
         866         232         243         231       16097
         867         239         204         191       16097
         868         204         239         213       16097
         869         202         182         184       16097
         870         182         202         222       16097
         871         455           8          75       16173
         872           8         455          67       16173
         873          75          74         455       16173
         874          80           5          59       16173
         875          72          40           4       16173
         876         489           3          35       16173
         877         489          64           3       16173
         878         460          74          76       16173
         879          66         461          68       16173
         880          70         462          69       16173
         881         457         466         462       16173
         882         466         457         465       16173
         883         466          69         462       16173
         884          69         466          71       16173
         885          71         466          72       16173
         886         468          59          58       16173
         887          59         468          80       16173
         888         469         458         468       16173
         889          58         469         468       16173
         890         469          58          60       16173
         891         470         458         467       16173
         892          77         470         467       16173
         893         470          77          79       16173
         894         458         470         468       16173
         895         470          80         468       16173
         896         474         459         472       16173
         897         474          63          64       16173
         898          61         474         472       16173
         899         474          61          63       16173
         900         488          68         461       16173
         901          68         488          65       16173
         902          66         476         461       16173
         903         476         456         461       16173
         904          67         476          66       16173
         905         456         476         475       16173
         906          38          37         463       16173
         907         478         457         462       16173
         908          70         479         462       16173
         909         462         479         478       16173
         910         456         480         461       16173
         911         481          65         488       16173
         912         481         464         479       16173
         913          70         481         479       16173
         914          65         481          70       16173
         915         459         482         472       16173
         916         483         458         469       16173
         917         473         492         482       16173
         918         484          78          77       16173
         919         484          77         467       16173
         920          38         485         477       16173
         921         463         485          38       16173
         922         471         487         486       16173
         923         487         477         486       16173
         924         487          36          33       16173
         925         488         461         480       16173
         926         488         464         481       16173
         927         464         488         480       16173
         928         489         459         474       16173
         929         471         489          34       16173
         930         459         489         471       16173
         931         492         472         482       16173
         932         492          57          62       16173
         933         502         458         483       16173
         934         458         502         467       16173
         935         463         493         485       16173
         936         457         493         465       16173
         937         493         463         465       16173
         938         459         494         482       16173
         939         495         464         480       16173
         940         496         464         495       16173
         941         490         496         495       16173
         942         464         496         479       16173
         943         496         478         479       16173
         944         473         497         491       16173
         945         497         482         494       16173
         946         497         473         482       16173
         947         498         473         491       16173
         948         499         477         485       16173
         949         477         499         486       16173
         950         456         500         480       16173
         951         480         500         495       16173
         952         456         501         500       16173
         953         467         502         484       16173
         954          60         503         469       16173
         955         503          60          57       16173
         956         457         510         493       16173
         957         510         457         478       16173
         958         504         514         499       16173
         959         504         493         510       16173
         960         485         504         499       16173
         961         504         485         493       16173
         962         494         505         497       16173
         963         505         486         499       16173
         964         486         505         494       16173
         965         506         491         497       16173
         966         506         497         505       16173
         967         460         507         501       16173
         968         508         491         506       16173
         969         495         509         520       16173
         970         509         495         500       16173
         971         509         500         501       16173
         972         510         478         496       16173
         973          73         511         507       16173
         974         515         491         508       16173
         975         491         515         498       16173
         976         501         512         509       16173
         977         512         501         507       16173
         978         513         520         509       16173
         979         514         504         510       16173
         980         484         502         511       16173
         981         515         508         513       16173
         982         516         502         515       16173
         983         513         516         515       16173
         984         455         476          67       16173
         985          39          40         465       16173
         986         463          39         465       16173
         987          39         463          37       16173
         988          79          80         470       16173
         989         492         503          57       16173
         990         511          78         484       16173
         991          78         511          73       16173
         992         494         471         486       16173
         993         471         494         459       16173
         994          34         489          35       16173
         995         489         474          64       16173
         996          62         472         492       16173
         997         472          62          61       16173
         998         510         490         514       16173
         999         490         510         496       16173
        1000         513         512         516       16173
        1001         512         513         509       16173
        1002         501         475         460       16173
        1003         475         501         456       16173
        1004          34         487         471       16173
        1005         487          34          36       16173
        1006          74         460         475       16173
        1007         455         475         476       16173
        1008         475         455          74       16173
        1009         477          33          38       16173
        1010          33         477         487       16173
        1011         520         490         495       16173
        1012         490         520         514       16173
        1013         517         465          40       16173
        1014         465         517         466       16173
        1015         517          72         466       16173
        1016          72         517          40       16173
        1017         473         503         492       16173
        1018         503         473         498       16173
        1019         518         499         514       16173
        1020         499         518         505       16173
        1021         519         498         515       16173
        1022         498         519         483       16173
        1023         519         502         483       16173
        1024         502         519         515       16173
        1025         518         506         505       16173
        1026         506         520         508       16173
        1027         508         520         513       16173
        1028         511         512         507       16173
        1029         512         511         516       16173
        1030         516         511         502       16173
        1031         483         503         498       16173
        1032         503         483         469       16173
        1033          76         507         460       16173
        1034         507          76          73       16173
        1035         518         520         506       16173
        1036         520         518         514       16173
