11.118994
11.113887
11.097730
11.070554
11.032411
10.983377
10.923549
10.853052
10.772033
10.680670
10.579170
10.467769
10.346739
10.216385
10.077049
9.929110
9.772985
9.609127
9.438026
9.260206
9.076220
8.886643
8.692070
8.493102
8.290337
8.084357
7.875714
7.664915
7.452406
7.238554
7.023636
6.807822
6.591166
6.373597
6.154913
5.934785
5.712754
5.488246
5.260574
5.028961
4.792551
4.550427
4.301633
4.045190
3.780117
3.505448
3.220253
2.923650
2.614824
2.293044
1.957672
1.608180
1.244167
0.865364
0.471651
0.063061
-0.360207
-0.797797
-1.249195
-1.713753
-2.190716
-2.679278
-3.178650
-3.688158
-4.207370
-4.736245
-5.275310
-5.825854
-6.390144
-6.971650
-7.575292
-8.207719
-8.877653
-9.596361
-10.378359
-11.242508
-12.213836
-13.326650
-14.630144
-16.199119
-18.156159
-20.721682
-24.328110
-29.530100
-30.543008
-25.064034
-21.024005
-18.160658
-15.981390
-14.237364
-12.794343
-11.573005
-10.522863
-9.609824
-8.809721
-8.104689
-7.481007
-6.927740
-6.435845
-5.997546
-5.605892
-5.254421
-4.936910
-4.647180
-4.378968
-4.125856
-3.881265
-3.638536
-3.391092
-3.132686
-2.857708
-2.561523
-2.240775
-1.893604
-1.519735
-1.120398
-0.698118
-0.256397
0.200651
0.668645
1.143242
1.620362
2.096336
2.567987
3.032657
3.488196
3.932925
4.365586
4.785290
5.191463
5.583796
5.962198
6.326761
6.677722
7.015433
7.340341
7.652958
7.953852
8.243622
8.522891
8.792286
9.052435
9.303948
9.547416
9.783394
10.012405
10.234921
10.451369
10.662121
10.867491
11.067737
11.263059
11.453597
11.639437
11.820612
11.997105
12.168856
12.335763
12.497692
12.654477
12.805931
12.951847
13.092007
13.226183
13.354144
13.475659
13.590499
13.698445
13.799282
13.892811
13.978842
14.057201
14.127729
14.190281
14.244732
14.290969
14.328900
14.358448
14.379553
14.392172
14.396281
14.391871
14.378952
14.357548
14.327704
14.289480
14.242953
14.188217
14.125384
14.054582
13.975954
13.889662
13.795878
13.694793
13.586608
13.471535
13.349795
13.221615
13.087226
12.946859
12.800739
12.649085
12.492101
12.329973
12.162863
11.990904
11.814194
11.632791
11.446709
11.255912
11.060311
10.859760
10.654058
10.442945
10.226102
10.003154
9.773673
9.537183
9.293162
9.041051
8.780259
8.510175
8.230171
7.939621
7.637903
7.324417
6.998602
6.659943
6.308001
5.942425
5.562986
5.169598
4.762359
4.341589
3.907872
3.462111
3.005579
2.539972
2.067459
1.590716
1.112937
0.637806
0.169413
-0.287899
-0.729762
-1.152089
-1.551421
-1.925292
-2.272540
-2.593519
-2.890164
-3.165902
-3.425429
-3.674403
-3.919109
-4.166153
-4.422219
-4.693911
-4.987683
-5.309840
-5.666620
-6.064331
-6.509548
-7.009377
-7.571805
-8.206169
-8.923817
-9.739062
-10.670654
-11.744133
-12.995838
-14.480197
-16.284082
-18.558034
-21.592327
-26.005186
-32.047608
-29.270122
-23.917474
-20.412076
-17.923673
-16.020983
-14.492122
-13.219760
-12.132120
-11.181794
-10.335550
-9.569026
-8.863766
-8.205512
-7.583151
-6.988066
-6.413690
-5.855179
-5.309148
-4.773426
-4.246834
-3.728969
-3.220000
-2.720491
-2.231240
-1.753154
-1.287147
-0.834066
-0.394642
0.030546
0.441081
0.836724
1.217404
1.583212
1.934395
2.271341
2.594566
2.904697
3.202465
3.488681
3.764226
4.030036
4.287079
4.536343
4.778814
5.015459
5.247204
5.474918
5.699393
5.921327
6.141311
6.359817
6.577191
6.793648
7.009272
7.224021
7.437737
7.650151
7.860903
8.069554
8.275600
8.478492
8.677648
8.872471
9.062357
9.246712
9.424955
9.596530
9.760911
9.917603
10.066150
10.206130
10.337162
10.458898
10.571032
10.673287
10.765425
10.847235
10.918539
10.979184
11.029045
11.068023
11.096040
11.113041
11.118994
